function AMP_int = Harmon2019SiteAmpLinear(f,Vs30)
%Site Amplification Functions for Central and Eastern North America - Part II: Modular Simulation-Based Models
%Joseph A. Harmon, Youssef M. A. Hashash, Jonathan P. Stewart, Ellen M. Rathje, Kenneth W. Campbell, Walter J. Silva, Okan Ilhan 

% * Fourier Amplitude Spectrum linear ln(amplification) are provided for 100 frequencies ranging from 0.1 Hz to 100 Hz. FAS linear ln(amplification) data at each frequency is provided in worksheet named "FAS-L-LOOKUP-TABLES".
% * FAS linear ln(amplification) data is provided for 29 VS30 bins equally log spaced between 90 m/s and 3000 m/s.

% function coded by Jeff Bayless, 9 July 2019
% works for 95 < Vs30 < 2842 and 0.1 < f < 100 Hz

%%% inputs: Vs30 (m/s), f (Hz)
%%% output: AMP_int (ln units linear amp factor)


% frequencies
FH=[0.1	0.105	0.111	0.118	0.125	0.133	0.143	0.154	0.167	0.182	0.2	...
    0.208	0.217	0.227	0.238	0.25	0.263	0.278	0.286	0.294	0.385	0.4	...
    0.417	0.455	0.5	0.526	0.556	0.588	0.625	0.667	0.714	0.769	0.833	...
    0.909	1.0	1.053	1.111	1.176	1.25	1.333	1.667	1.818	2.0	2.083	2.174	...
    2.222	2.273	2.381	2.5	2.632	2.778	2.857	2.941	3.125	3.333	3.448	3.571	...
    3.846	4.0	4.167	5.556	5.882	6.25	6.667	7.143	7.5	7.692	8.333	9.091	...
    10.0	10.526	11.111	11.765	12.5	13.333	14.286	15.0	15.385	16.667	18.182	...
    22.222	22.727	23.81	25.0	27.778	28.571	31.25	33.333	34.483	40.0	45.455	...
    50.0	54.999	61.66	70.796	80.0	85.114	90.001	95.003	100.0];

% Vs30's
Vs=[95.60905806	107.8976783	121.7657533	137.4162903	155.0783888	175.0105946	197.5046844	...
    222.8899367	251.5379522	283.8680936	320.353624	361.5286351	407.9958651	460.4355224	...
    519.6152423	586.4013241	661.7714126	746.8288091	842.8186221	951.1459938	1073.396669	...
    1211.360208	1367.056183	1542.763743	1741.054973	1964.83255	2217.37223	2502.370805	2824.00021];

% rows are Vs30 bin, columns are freq bin
AMP=[0.327338272	0.386662947	0.44004071	0.473682773	0.492720173	0.474930867	0.453069368	0.434125354	0.451301327	0.502812474	0.533751814	0.528212983	0.503781857	0.48034444	0.45625816	0.443845649	0.455124878	0.495338892	0.518702272	0.55195378	0.560403021	0.589754484	0.633945415	0.845103985	1.227102063	1.32192231	1.318249877	1.249877644	1.232703748	1.306318937	1.415913571	1.467914737	1.453568782	1.303721098	1.303418252	1.334076216	1.255997092	1.163647044	1.145658877	1.134058894	1.017357546	1.09777656	1.089737934	1.020766341	0.912612635	0.868969219	0.831517286	0.740457496	0.674332471	0.63262713	0.648511316	0.668985708	0.669225244	0.573320264	0.40305899	0.357592386	0.361063672	0.42794026	0.475496105	0.491822217	0.20157615	0.064356348	-0.074227767	-0.202372267	-0.282182524	-0.31187655	-0.335821639	-0.470019594	-0.668568504	-1.030446635	-1.182810513	-1.293063129	-1.379608824	-1.566050056	-1.814792722	-1.98169591	-2.115607267	-2.207627453	-2.534597265	-2.869703665	-3.921926018	-4.043094159	-4.292531517	-4.554571405	-5.191532565	-5.372777185	-6.034254111	-6.565564014	-6.850744774	-8.086860203	-9.441568289	-10.56974442	-11.76030244	-13.39593057	-15.55622423	-17.77580937	-19.0122152	-20.13827185	-21.28914631	-22.24657228
    0.230253924	0.270576681	0.313794143	0.34847865	0.388799494	0.421728337	0.414748229	0.392974458	0.385883425	0.40828714	0.455669041	0.468662641	0.477087544	0.471406341	0.449491989	0.422275785	0.405324398	0.406613982	0.41271144	0.426434158	0.520646261	0.509588836	0.515219365	0.600857156	0.854668468	1.027648284	1.17781752	1.221475357	1.178366183	1.151537658	1.226478049	1.336257168	1.419109533	1.427083613	1.347485533	1.367615238	1.438139974	1.388877365	1.234243445	1.164347047	0.90715343	0.984777496	1.055985283	1.072267592	1.040542501	1.010406202	0.976460119	0.907019942	0.857374707	0.808830237	0.754881758	0.733038847	0.715931169	0.699259863	0.606381045	0.509360917	0.423125257	0.371611494	0.410601574	0.467886506	0.29235305	0.296887406	0.217412007	0.075890009	-0.07956025	-0.148272056	-0.163042596	-0.185953369	-0.331127806	-0.544596415	-0.732575619	-0.899411296	-1.017245147	-1.102183108	-1.256195174	-1.488778497	-1.604938611	-1.652525848	-1.870469582	-2.187984887	-3.016115195	-3.12648849	-3.348160246	-3.582455943	-4.092545325	-4.242896776	-4.756148004	-5.182970239	-5.426662729	-6.509160376	-7.542058449	-8.494459326	-9.501624726	-10.83734002	-12.64654589	-14.46828617	-15.48892041	-16.46093903	-17.40575847	-18.12720356
    0.160396708	0.18638454	0.214592087	0.238444882	0.272675254	0.334680506	0.372035034	0.395800357	0.384357137	0.363068078	0.36547744	0.373279787	0.391356954	0.406728799	0.423487112	0.430063143	0.418974573	0.400347511	0.392783575	0.385018745	0.520694937	0.533468178	0.527031042	0.494142234	0.542561749	0.607442526	0.727311515	0.920936669	1.08478933	1.162754966	1.130372171	1.130066438	1.23889101	1.369601995	1.441705456	1.442371322	1.416593488	1.419453237	1.462645708	1.40066855	1.073302806	0.94702003	0.913902635	0.962981621	1.005338686	1.020363221	1.033599231	1.050359987	1.019015853	0.960900057	0.917686854	0.899379615	0.87349134	0.808496001	0.741615913	0.724767428	0.706156337	0.584860921	0.487639011	0.414129234	0.544822786	0.391950243	0.328233464	0.350607545	0.275024813	0.16380918	0.103541555	-0.04051149	-0.071014397	-0.183943595	-0.270208762	-0.370615433	-0.548932281	-0.734452283	-0.868602689	-0.95685383	-1.042933185	-1.114239379	-1.349066314	-1.525852244	-2.170528267	-2.248386007	-2.428325189	-2.646412675	-3.119707037	-3.241510701	-3.635190868	-3.95566532	-4.136603955	-5.034520639	-5.900342171	-6.597838029	-7.414197249	-8.506276074	-9.974526564	-11.44667891	-12.26061365	-13.04258586	-13.82140306	-14.42859979
    0.138220655	0.159867389	0.182890753	0.202838585	0.229614278	0.276469247	0.308809659	0.350752765	0.378485594	0.380697749	0.370134656	0.369358035	0.372066678	0.376933064	0.387222998	0.400960815	0.413008486	0.415722578	0.413955284	0.409590193	0.428410366	0.457172447	0.48063721	0.507148063	0.493811057	0.507554466	0.55708267	0.648740695	0.769561214	0.941412491	1.090988009	1.126738899	1.10847455	1.177625838	1.32090192	1.362942604	1.393238619	1.404265317	1.403173953	1.433368752	1.200052316	1.121421694	0.995422425	0.939036901	0.915082891	0.922878693	0.940559572	0.984391306	1.020876698	1.038529796	1.020911786	0.993966123	0.961398385	0.902859582	0.858907478	0.83019503	0.795626546	0.733593138	0.704651948	0.648772417	0.599106201	0.624419769	0.535170115	0.384215606	0.326228027	0.328534557	0.318041231	0.192757753	-0.003065026	-0.068505195	-0.091869304	-0.167435477	-0.268240646	-0.38692781	-0.581274224	-0.772878205	-0.845785012	-0.875675894	-1.010923734	-1.256429264	-1.771114015	-1.845169128	-1.994283814	-2.156482089	-2.576329735	-2.698470986	-3.08625849	-3.362364213	-3.5122642	-4.267237693	-5.055755505	-5.695872129	-6.378224694	-7.323916158	-8.614762007	-9.915212867	-10.63260822	-11.31379676	-11.99548205	-12.51827381
